import numpy as np

Pp = np.array([
    [1.0000000000000000, -7.9892446510040433e-07, -1.5978925634321086e-05, 1.6777937365884086e-05],
    [7.9892446510040433e-07, 1.0000000000000000, -1.6777937365884086e-05, -1.5978925634321086e-05],
    [1.5978925634321086e-05, 1.6777937365884086e-05, 1.0000000000000000, 7.9892446510040433e-07],
    [-1.6777937365884086e-05, 1.5978925634321086e-05, -7.9892446510040433e-07, 1.0000000000000000]])

AT = np.array([
    [1.0000000000000000, 7.9892446510040433e-07, 1.5978925634321086e-05, -1.6777937365884086e-05],
    [-7.9892446510040433e-07, 1.0000000000000000, 1.6777937365884086e-05, 1.5978925634321086e-05],
    [-1.5978925634321086e-05, -1.6777937365884086e-05, 1.0000000000000000, -7.9892446510040433e-07],
    [1.6777937365884086e-05, -1.5978925634321086e-05, 7.9892446510040433e-07, 1.0000000000000000]])

mux1 = Pp @ AT

mux2 = Pp * AT

tmp1 = np.array([1.0000000000000000,
                -7.9892446510040433e-07,
                -1.5978925634321086e-05,
                1.6777937365884086e-05])

tmp2 = np.array([7.9892446510040433e-07,
                1.0000000000000000,
                -1.6777937365884086e-05,
                -1.5978925634321086e-05	])

a0 = tmp1[0] * tmp2[0]
a1 = tmp1[1] * tmp2[1]
a2 = tmp1[2] * tmp2[2]
a3 = tmp1[3] * tmp2[3]

sum_a = a0 + a1 + a2 + a3

i = None